name	lig_cov	poc_cov	lig_name	volume	enclosure	surface	depth	surf/vol	lid/hull	ellVol	ell c/a	ell b/a	siteAtms	accept	donor	hydrophobic_interactions	hydrophobicity	metal	Cs	Ns	Os	Ss	Xs	negAA	posAA	polarAA	apolarAA	ALA	ARG	ASN	ASP	CYS	GLN	GLU	GLY	HIS	ILE	LEU	LYS	MET	PHE	PRO	SER	THR	TRP	TYR	VAL	simpleScore	drugScore
P_0	0.00	0.00		338.43	0.29	613.18	14.54	1.8118370120852167	-	-	0.08	0.14	72	  18	   7	  35	0.58	   0	  53	   9	  10	   0	   0	0.13	0.27	0.13	0.47	   0	   2	   0	   2	   0	   0	   0	   0	   0	   0	   2	   2	   0	   1	   0	   0	   1	   0	   1	   4	0.25	0.642667
P_1	0.00	0.00		219.14	0.16	556.89	14.30	2.541252167564114	-	-	0.06	0.12	74	  26	   9	  30	0.46	   0	  49	  12	  13	   0	   0	0.06	0.06	0.44	0.44	   1	   0	   3	   0	   0	   1	   1	   1	   0	   0	   0	   1	   0	   0	   3	   0	   1	   0	   1	   3	0.08	0.555829
P_2	0.00	0.00		196.35	0.17	521.84	11.10	2.6577030812324933	-	-	0.10	0.17	58	  22	   6	  35	0.56	   0	  42	   6	  10	   0	   0	0.20	0.10	0.30	0.40	   0	   1	   0	   1	   0	   0	   1	   0	   0	   1	   1	   0	   0	   1	   0	   1	   1	   0	   1	   1	0.09	0.405409
P_3	0.00	0.00		190.21	0.00	334.46	11.76	1.758372325324641	-	-	0.31	0.78	88	  28	  11	   3	0.07	   0	  62	  12	  14	   0	   0	0.16	0.05	0.42	0.37	   1	   1	   2	   1	   0	   1	   2	   1	   0	   0	   3	   0	   0	   0	   1	   2	   1	   0	   1	   2	0.00	0.422504
P_4	0.00	0.00		186.82	0.17	390.16	7.70	2.088427363237341	-	-	0.41	0.45	56	  14	   8	  20	0.48	   0	  41	   6	   9	   0	   0	0.25	0.17	0.42	0.17	   0	   0	   0	   2	   0	   1	   1	   1	   0	   1	   0	   2	   0	   0	   0	   1	   1	   1	   1	   0	0.05	0.224328
P_5	0.00	0.00		174.72	0.26	322.01	8.32	1.8430059523809523	-	-	0.20	0.34	51	  16	   6	  12	0.35	   0	  34	   9	   8	   0	   0	0.20	0.10	0.40	0.30	   0	   0	   2	   0	   0	   0	   2	   0	   0	   0	   0	   1	   0	   1	   1	   1	   1	   1	   0	   0	0.00	0.263395
P_6	0.00	0.00		163.14	0.10	586.57	16.37	3.5955007968615917	-	-	0.04	0.08	65	  22	  12	  26	0.43	   0	  41	  11	  13	   0	   0	0.12	0.00	0.65	0.24	   1	   0	   1	   0	   0	   0	   2	   2	   0	   0	   1	   0	   0	   0	   2	   3	   4	   0	   1	   0	0.00	0.568409
P_7	0.00	0.00		160.58	0.15	480.61	10.29	2.9929630090920414	-	-	0.13	0.21	61	  20	  12	  20	0.38	   0	  43	  10	   8	   0	   0	0.00	0.30	0.60	0.10	   0	   0	   0	   0	   0	   0	   0	   1	   0	   0	   0	   3	   0	   0	   0	   3	   0	   1	   2	   0	0.00	0.284016
P_8	0.00	0.00		138.30	0.16	300.50	10.93	2.172812725958062	-	-	0.36	0.39	47	  10	   7	  13	0.43	   0	  32	   7	   8	   0	   0	0.00	0.18	0.36	0.45	   0	   1	   1	   0	   0	   0	   0	   0	   0	   1	   1	   1	   0	   1	   0	   0	   3	   0	   0	   2	0.00	0.3533
P_9	0.00	0.00		124.35	0.22	382.31	7.43	3.074467229593888	-	-	0.25	0.45	27	   6	  11	  14	0.45	   0	  20	   5	   2	   0	   0	0.00	0.33	0.33	0.33	   0	   1	   0	   0	   0	   1	   0	   0	   0	   1	   0	   2	   0	   0	   1	   0	   1	   0	   1	   1	0.00	0.202156
