name	lig_cov	poc_cov	lig_name	4A_crit	ligSASRatio	volume	enclosure	surface	lipoSurface	depth	surf/vol	lid/hull	ellVol	ell_c/a	ell_b/a	surfGPs	lidGPs	hullGPs	siteAtms	accept	donor	posAtms	negAtms	aromat	hydroAtms	hydrophobicity	metal	Cs	Ns	Os	Ss	Xs	acidicAA	basicAA	polarAA	apolarAA	sumAA	ALA	ARG	ASN	ASP	CYS	GLN	GLU	GLY	HIS	ILE	LEU	LYS	MET	PHE	PRO	SER	THR	TRP	TYR	VAL	A	C	G	U	I	N	DA	DC	DG	DT	DN	UNK
P_1	0	0		0	0	95.232	0.895062	304.331	173.59	6.49923	3.19568	0.104938	21.1529	0.466169	0.724103	145	17	162	24	7	5	2	0	1	12	0.583333	0	14	3	7	0	0	2	2	3	2	9	0	0	0	1	0	0	1	0	0	1	0	2	0	0	0	1	1	1	1	0	0	0	0	0	0	0	0	0	0	0	0	0
P_2	0	0		0	0	75.776	0.708955	209.066	102.568	6.88186	2.759	0.291045	12.4341	0.2695	0.411702	95	39	134	18	6	1	0	0	0	11	0.611111	0	11	1	6	0	0	2	4	0	5	11	0	2	0	2	0	0	0	0	0	0	1	2	0	0	0	0	0	0	0	4	0	0	0	0	0	0	0	0	0	0	0	0
P_3	0	0		0	0	71.68	0.821138	250.779	152.079	5.6	3.49859	0.178862	10.7403	0.523451	0.659063	101	22	123	19	3	4	1	0	0	11	0.631579	0	12	4	3	0	0	0	2	3	2	7	0	1	1	0	0	0	0	0	0	0	1	1	0	1	0	0	2	0	0	0	0	0	0	0	0	0	0	0	0	0	0	0
P_4	0	0		0	0	55.808	0.868687	301.845	96.4027	5.87878	5.40864	0.131313	6.8687	0.413023	0.710465	86	13	99	27	8	5	0	0	0	9	0.518519	0	14	5	8	0	0	1	0	5	3	9	1	0	3	0	0	0	1	1	0	0	0	0	0	0	1	0	1	0	0	1	0	0	0	0	0	0	0	0	0	0	0	0
P_5	0	0		0	0	51.712	0.789474	209.213	30.2089	5.65685	4.04573	0.210526	6.01206	0.568418	0.772119	75	20	95	20	5	3	0	0	2	5	0.6	0	12	3	5	0	0	1	1	4	2	8	0	0	2	0	0	0	1	0	0	0	0	1	0	1	0	1	1	1	0	0	0	0	0	0	0	0	0	0	0	0	0	0
P_6	0	0		0	0	44.544	0.880952	286.797	141.799	5.71314	6.4385	0.119048	4.36696	0.331669	0.522443	74	10	84	16	1	6	2	0	0	9	0.625	0	10	5	1	0	0	0	3	2	2	7	0	1	0	0	0	1	0	0	0	0	0	2	0	0	1	0	1	0	0	1	0	0	0	0	0	0	0	0	0	0	0	0
P_7	0	0		0	0	41.472	1	64.4878	23.7582	6.14492	1.55497	0	5.2561	0.206844	0.409481	81	0	81	13	5	2	0	1	0	6	0.538462	0	7	1	5	0	0	2	0	6	6	14	1	0	1	0	0	1	2	1	0	0	3	0	0	0	1	1	1	0	1	1	0	0	0	0	0	0	0	0	0	0	0	0
P_8	0	0		0	0	34.816	0.863636	256.612	120.858	4.93153	7.37052	0.136364	2.59552	0.604751	0.62172	57	9	66	18	3	1	1	1	3	10	0.777778	0	14	1	3	0	0	1	1	0	3	5	0	1	0	1	0	0	0	0	0	0	1	0	0	1	0	0	0	0	0	1	0	0	0	0	0	0	0	0	0	0	0	0
P_9	0	0		0	0	34.304	0.920635	138.631	78.3087	4.15692	4.04125	0.0793651	2.40784	0.74121	0.907038	58	5	63	16	3	3	1	0	1	8	0.6875	0	11	2	3	0	0	0	3	5	1	9	0	0	0	0	0	0	0	1	0	0	0	3	0	0	0	2	0	1	2	0	0	0	0	0	0	0	0	0	0	0	0	0
